3623.768826 6761 7.199023585 17
4214.887474 4965 6.224198477 15
4004.738456 5267 6.022010094 14
3763.533973 5913 6.181283083 14
3792.393777 5879 6.434558473 15
3871.076181 5549 6.60365286 16
3837.782593 5861 6.437256409 15
3738.623713 6059 6.481417941 15
3921.566855 5548 6.871330161 17
3998.78963 5377 6.831637834 17
3846.266883 5679 6.381408873 15
3728.179398 6072 5.966241308 13
4795.778014 4880 6.821933798 17
4628.320467 5168 5.329832011 11
4638.90654 4994 5.535571081 12
4732.842816 4942 6.053852696 14
4832.576304 4913 5.545759349 12
4296.003718 5584 5.399735702 11
4385.821398 5143 5.535869248 12
4310.667777 5280 5.306542792 11
4485.702091 4909 6.77385985 17
4055.925598 5214 5.497386901 12
4104.993453 5033 5.708019297 13
4292.186583 5013 5.994930332 14
