3803.904754 4018 6.150343045 15
3123.529493 7063 7.300253649 16
3503.926626 5180 5.933597704 13
3530.255791 5162 5.932736198 13
3483.916072 4985 6.137011908 14
3451.948719 4908 6.921190713 17
3470.666554 4880 6.643562167 16
3585.41285 4809 6.370303986 15
3555.499972 4635 6.578762018 16
3399.530604 4996 6.668233965 16
3588.099915 4940 6.14230131 14
3705.418034 5214 5.440023068 11
3640.694193 5405 5.762788094 12
3580.56095 5520 5.78926307 12
3824.174879 4002 6.420942721 16
3750.337589 4051 6.422868156 16
3754.073287 4289 6.230558167 15
3718.99232 4714 5.548792871 12
3630.951478 4455 5.989753438 14
3847.644178 4245 5.690173083 13
3644.642846 4365 5.69058576 13
3787.865283 4088 5.89847469 14
3731.192011 4360 6.249667438 15
3748.388392 4601 5.517017317 12
3795.707945 4537 5.504971525 12
