4186.827506 4230 8.890149778 24
3518.002789 5192 6.040482844 13
3747.239945 4936 7.105610579 17
3810.127506 4833 7.35983966 18
3499.087505 5384 6.101506304 13
3726.223041 5035 6.58173372 15
3544.468896 5138 6.304052042 14
3688.370014 5060 6.582696951 15
3477.142695 5514 6.417581274 14
3483.675101 5282 6.340623924 14
3621.60386 5063 6.293975804 14
3601.883288 4968 7.087724021 17
3783.243972 4892 7.650994173 19
4045.559036 4619 6.227875898 14
4206.251893 4613 6.810677018 16
4124.367178 4549 7.049495716 17
4018.817537 4684 5.967962313 13
3815.573022 4723 5.664455386 12
