6143.348974 7464 7.491912456 20
5884.004794 8583 7.979575117 21
5910.426444 8547 7.750231779 20
5714.91255 8863 8.028983313 21
6327.69575 7458 7.29596235 19
5757.416396 8806 8.243953231 22
5925.406566 8529 7.52397349 19
5908.084745 8568 7.979325942 21
5921.867684 7924 7.805809712 21
5996.622164 7609 7.060579527 18
5850.879377 8666 8.220672424 22
5872.121787 8609 8.432248634 23
5752.90161 8828 8.249235318 22
6238.162928 7172 7.874850017 22
5792.463931 9136 7.892112251 20
6034.829699 7195 7.624931889 21
6517.284203 7180 7.697847547 21
6551.65316 8101 7.059677244 17
6447.132338 7523 7.109023852 18
