4098.646998 9640 7.909086665 28
4674.494151 5850 5.275611091 18
4668.48007 5927 5.292217139 18
4617.99345 5878 5.459779925 19
4611.875745 6063 5.500779053 19
4644.290686 5751 5.434555944 19
4785.122875 5661 5.803456922 21
4685.569793 5978 5.120691148 17
4817.432044 5713 5.448858248 19
4612.465449 6016 5.304924811 18
4636.854219 5977 5.299335529 18
4671.978274 5723 5.431888653 19
4211.511364 6161 5.840617887 21
4176.296129 6208 6.031894517 22
4166.258628 6310 5.497686169 19
4722.136916 5659 6.906542395 27
4189.038776 6261 5.67493507 20
4509.644161 5578 7.78669872 32
4739.529671 5534 7.80714686 32
4493.702686 5869 5.99724657 22
5070.842288 5618 7.684619828 31
4304.682047 5931 5.800957966 21
4223.796532 5967 5.613089485 20
4184.452465 6292 5.866645128 21
4436.288686 5848 6.726153419 26
4224.896093 6089 5.455494738 19
4464.468311 5906 5.816432534 21
