5904.742337 7225 6.928654829 22
6167.101187 7085 6.734078213 21
6452.38465 6945 7.729709293 26
5399.186925 8357 6.932575236 21
5563.48868 7510 6.553592492 20
5527.314768 7553 6.558861071 20
5415.637692 7658 6.766260084 21
5450.790915 8026 6.464345642 19
5427.206152 7801 6.604563474 20
5749.343047 7459 6.369690153 19
5442.21855 8459 6.567598999 19
5410.149987 7970 6.840756995 21
6179.658387 7194 6.168661075 18
6311.066468 7064 7.144987668 23
6555.471625 6829 7.122786707 23
5809.670757 7334 6.743705041 21
5821.32251 7116 7.08841343 23
5807.814813 7266 6.924866506 22
5616.910915 7831 6.045088754 17
5521.888238 7554 6.16267904 18
5545.455199 7912 5.856716838 16
5609.423803 7895 6.059472358 17
