5133.726417 10272 7.515445828 24
5804.000386 7565 7.92254053 29
5613.064384 8125 7.276771417 25
5542.717828 8607 6.25529987 19
5743.036793 8297 6.21132874 19
5548.241093 8311 6.375535015 20
5818.336171 7629 6.443039147 21
6122.511661 7133 8.240517519 31
6176.031921 7249 6.59110118 22
6274.064968 7126 6.950131814 24
5769.004387 7658 6.256070141 20
6269.532669 7181 6.588067642 22
6289.747387 6916 6.530331179 22
6124.656061 7427 6.43783895 21
6093.353163 7429 6.434118951 21
5424.572853 10630 7.261887142 22
5703.34375 8550 6.26373001 19
5961.597881 8182 6.027259923 18
5976.798662 7388 6.783221714 23
6022.770815 7411 6.607598843 22
6097.148502 7188 6.753667474 23
6930.984125 6733 10.31416778 42
6857.641741 6864 9.773254371 39
5452.677272 8331 6.367346911 20
5734.497538 8249 7.134248816 24
5735.514114 8051 7.276231643 25
