4227.198013 3972 7.453048438 12
2987.638806 5857 6.858017712 9
3449.891343 4973 6.57720203 9
3292.968662 5053 6.94708772 10
3365.667029 4855 7.251219777 11
3348.31003 4795 7.594398795 12
3273.382827 5315 7.812324464 12
3493.028301 4497 7.121474396 11
3277.333622 5022 7.679286118 12
3723.259161 4197 6.295243299 9
3781.991666 4138 6.659251773 10
4219.92985 3870 7.779706619 13
3613.716568 4227 6.279644939 9
3561.832179 4669 6.843328066 10
3298.533208 5051 6.572376168 9
3407.974081 4955 6.933027386 10
3942.842183 4656 6.188815871 8
4092.534178 4395 6.109442789 8
3920.73196 4004 6.635070113 10
3711.271166 4224 7.054962761 11
