2741.292167 5434 6.531801029 14
3773.298908 3875 7.93029272 20
3957.609505 3746 8.501305665 22
3389.936683 4058 5.601803513 12
3705.718082 3934 7.647917135 19
3315.727526 4244 6.519823846 15
3107.119694 5034 5.88771253 12
3235.884109 4608 5.764018414 12
3176.806898 5021 5.897506891 12
3038.175522 4552 6.281951563 14
3055.931298 4342 5.922299756 13
3008.444048 4641 6.017968172 13
3236.838677 4277 5.068977293 10
3375.307202 4092 6.767744167 16
3342.623763 4158 6.495038766 15
3525.863619 4001 6.766712599 16
3303.630771 4150 6.773412346 16
3335.690772 4224 6.516888572 15
3596.370187 3949 7.341402666 18
3279.562571 4214 6.791020848 16
