4416.854333 4371 10.90143178 32
2946.166833 7400 7.304928603 16
3408.030596 4700 6.506961543 16
3552.732445 4579 7.03361198 18
3303.341377 4712 6.221495798 15
4157.259157 4460 10.07290529 29
3172.368702 5582 7.020635695 17
3264.420231 4876 7.075758895 18
3269.716129 4883 6.001899486 14
3258.607807 5037 6.050340088 14
3235.379887 5004 6.304334067 15
3386.463235 4615 6.74419737 17
3236.16831 5328 6.141595554 14
3247.205256 4892 6.269824327 15
3204.85622 5791 6.826220325 16
3561.209119 4478 6.73277745 17
3533.938098 4587 7.032628502 18
