3706.800392 10085 7.274140827 24
4286.562957 5977 5.855270918 21
4242.255718 5820 6.187179862 23
3840.789496 6251 5.671494728 20
4170.924776 5976 6.026421639 22
3968.66648 5872 6.162567173 23
3925.82334 6245 6.615400149 25
3936.259809 6145 6.594011842 25
3919.391622 6190 6.788802756 26
3958.972326 6052 6.762642098 26
3943.113425 6210 5.489002586 19
4219.969385 6010 5.853913916 21
3829.070563 6264 6.046470679 22
3818.384813 6713 5.213383853 17
4005.44158 6187 5.305280939 18
3952.07388 6311 5.139627157 17
3797.145331 6649 5.569551257 19
3810.242971 6737 5.404554018 18
4216.874762 5784 6.735961671 26
4212.961623 5817 6.742957301 26
4655.813884 5539 7.485797522 30
3978.72352 6182 5.487369763 19
4039.451906 6134 5.858104639 21
4673.851676 5385 7.826697775 32
4610.642809 5721 7.894812311 32
4635.315479 5713 7.896277803 32
3810.247027 6429 5.334395105 18
3940.051002 6239 5.308412263 18
3785.952774 6847 5.239585962 17
4107.839497 6014 5.653094785 20
4066.552312 6135 5.675155604 20
