5201.763453 17426 7.41962025 41
5783.91191 9215 6.452481271 42
5807.25136 9147 6.445026344 42
6435.940307 7638 8.763103577 64
5933.223469 8914 7.997933571 56
5972.697353 8645 8.189167072 58
5907.814898 8729 8.195483089 58
5413.179068 10197 5.432607648 32
5309.987229 9861 5.603201993 34
5468.903647 9768 5.940645903 37
5553.302111 9421 6.124784874 39
5707.145529 9397 6.246321006 40
5663.157347 9178 6.550198498 43
5467.935978 10067 5.419169074 32
5943.425089 8859 7.766241931 54
6093.81753 8565 7.962946949 56
6089.405677 8609 8.08111143 57
6095.255012 8480 8.063885347 57
6035.492506 8582 8.635495626 62
6440.247999 7953 8.581693427 62
5666.270385 9400 6.355935278 41
5510.446659 9644 5.814487146 36
6065.062953 8413 8.389720415 60
6103.303622 8307 8.265765791 59
5970.109352 8852 7.767423041 54
6008.840654 8664 7.744742357 54
6228.881572 8058 8.354169509 60
6283.090182 8401 8.180604631 58
6379.726952 8162 8.26805765 59
6058.545109 8604 8.3029148 59
6188.400834 8044 8.686449175 63
6230.774808 8029 8.800274796 64
6145.988809 8180 8.701701434 63
5334.698987 10243 5.432619878 32
5390.333912 9857 5.496618016 33
6199.379614 7950 9.011884372 66
6187.804502 8210 8.484206534 61
5963.739212 8816 8.099422145 57
5673.003704 9586 5.70709289 35
6325.215148 8009 8.692627004 63
6339.580524 7912 8.792956736 64
6249.652888 8548 7.86063744 55
5892.591877 9836 5.646524863 34
6259.537678 8584 6.854023257 46
6250.667394 8553 7.411473309 51
6329.033462 8182 7.591836019 53
5959.333601 9301 5.578492477 34
6074.219059 9244 5.57989275 34
5781.231234 9370 6.023596745 38
6116.228246 8626 6.623318728 44
6143.25568 8709 6.299424496 41
6277.855833 8584 6.518044672 43
5800.538164 9390 5.690440991 35
6125.605949 8875 6.095813372 39
6080.20107 8627 7.632910511 53
6017.64629 9277 5.467396856 33
6662.472935 7536 8.992256059 66
6910.522335 7534 9.461818322 70
5920.22228 9092 5.659167357 35
6140.090669 8870 5.758841295 36
5837.737731 9103 5.991505703 38
5852.997128 9032 5.982990853 38
6027.398898 8908 5.755010748 36
6515.661853 8039 8.262093578 59
6479.499434 8062 8.262346662 59
6539.778064 7768 8.451820325 61
5810.133645 9024 7.553213742 52
5952.656025 8837 7.876447706 55
6380.476103 7715 9.331629427 69
6278.117881 7856 9.117791353 67
6624.739217 7517 10.11145027 76
5904.131186 8933 6.873376782 46
6054.582022 8785 7.090113921 48
6235.284343 8591 7.302968634 50
6253.737797 8471 7.400471414 51
6034.454726 8902 6.76709959 45
6457.25846 7849 8.681275199 63
6268.351714 7930 9.014675686 66
6431.780523 7708 8.997337669 66
6344.842648 7801 8.778152668 64
6432.951365 7585 8.868076344 65
6221.805746 8045 8.464301284 61
5752.952908 10689 5.414880309 31
6052.753557 8832 7.546345793 52
6224.845787 8243 8.379222879 60
