1176.855303 1272 8.064191918 13
944.2130428 2704 7.320360786 10
1017.620633 2315 7.099238384 10
1005.327961 2719 6.828828663 9
1038.371647 1797 6.776004737 10
1050.160742 1430 7.069868392 11
1110.882791 1335 7.031863535 11
1083.329326 1427 7.08034994 11
1097.164436 1423 7.08296562 11
1048.122923 1486 6.580927738 10
1158.894871 1311 7.558436741 12
1160.42366 1296 8.073385202 13
1112.411581 1320 7.546811997 12
1138.022834 1315 7.553190644 12
1039.925969 1648 7.205339739 11
1087.303086 1425 7.080557384 11
1105.736431 1332 7.551984544 12
1101.431701 1316 8.064113447 13
1137.581687 1301 8.068041717 13
1088.998397 1367 7.568092053 12
1149.44378 1292 8.590686653 14
1159.510138 1307 7.556110818 12
1032.30747 1905 7.366709182 11
1024.493557 2152 7.521615802 11
1032.373616 1867 7.342452757 11
1054.220414 1425 7.592152679 12
1049.458078 1434 7.596123307 12
