2266.787992 7922 5.080243949 21
2694.895831 5203 3.504705194 14
2884.915772 3958 4.074026051 19
2849.691298 4060 4.561817545 22
2918.634207 4018 3.774549138 17
2808.474381 4565 3.395001442 14
2643.2762 4363 3.967239266 18
2784.601097 4597 3.398462887 14
3016.615347 3419 5.559255274 29
2858.356927 4268 3.65837597 16
2675.380193 4087 4.547427526 22
2809.53721 4068 4.558844389 22
2828.306213 3795 4.980721523 25
2868.093823 3625 4.795169844 24
2817.32271 3522 5.55664756 29
3005.088088 3433 5.875427357 31
2956.229991 3380 6.331937533 34
2595.126795 4725 3.71653535 16
2684.611215 4156 3.774759609 17
2710.149604 4121 3.928298948 18
2861.375639 4112 3.471382869 15
3097.640876 3380 6.190426087 33
2848.910626 4460 3.379388237 14
2648.57645 4512 3.681653978 16
2717.94848 4406 3.511708227 15
2807.194511 4327 3.506565986 15
3108.1155 3355 6.658972662 36
2830.777175 3988 4.860653483 24
2925.12453 3474 5.087370029 26
2900.957768 3478 6.029762053 32
2654.875974 5560 3.568733675 14
2478.694158 5114 3.778125928 16
2569.091768 4419 4.284437367 20
2474.795011 4830 3.880567194 17
2498.522645 4909 3.583615307 15
2788.960069 4295 3.65576615 16
2448.090286 5074 3.924401692 17
2489.607815 4744 3.865723718 17
2551.622995 4892 3.743704309 16
2535.435499 4413 4.436896308 21
2837.213196 3875 4.839687086 24
2768.95683 3895 4.993251391 25
2665.129545 4111 4.078714162 19
2651.608121 4308 4.272397457 20
2741.330263 3646 5.099746296 26
2577.808878 4428 3.972364337 18
2580.591265 4379 3.805882129 17
2563.403626 4499 4.299153766 20
2631.535988 4156 4.555748283 22
2484.94824 4611 4.626620868 22
2626.987943 4019 4.68633166 23
2669.931634 3958 4.994224569 25
2665.387303 3971 5.15359915 26
2490.040054 4576 3.990916206 18
2538.544237 4183 4.393099497 21
2522.344665 4520 3.826405303 17
3252.360001 3867 4.727376315 23
