2059.405629 6965 4.649790177 17
2559.463006 3232 5.478293556 26
2590.35253 3121 5.458749996 26
2627.4144 2991 6.298220278 31
2570.916115 3097 5.796211552 28
2541.568806 3109 5.622674606 27
2534.086553 3159 5.977169429 29
2583.803858 3084 5.967513198 29
2432.928612 3281 5.990381333 29
2371.861449 3387 6.005160662 29
2106.481797 4105 3.53675959 14
2660.385098 3102 5.635820249 27
2414.183387 4019 3.384079344 13
2117.540137 4102 3.537489165 14
2448.370479 3431 4.989126547 23
2518.3188 3136 6.487742692 32
2093.198646 3952 4.19274894 18
2330.042661 3770 3.838711873 16
2075.498065 4112 3.361969794 13
2187.318137 3891 3.501699497 14
2095.606014 3845 3.653192328 15
2117.935189 3826 3.651943656 15
2241.498795 3444 4.27660921 19
2148.807114 3818 3.998959445 17
2252.183977 4670 3.328607282 12
2586.788776 3399 4.309625959 19
2594.420612 3079 5.967767835 29
2536.177607 3231 5.647668538 27
2578.08291 3214 5.476798844 26
2551.690534 3234 5.477757931 26
2523.36009 3255 4.961338728 23
2454.454235 3284 5.131410248 24
2631.80733 3050 5.793818567 28
2645.865882 2901 5.936662785 29
2413.299678 3337 5.309943283 25
2472.949687 3275 5.476693074 26
2434.031536 3341 5.140885058 24
2551.842443 3242 4.962108902 23
2529.481597 3383 4.816560827 22
2587.312449 3383 4.478775559 20
2630.402233 3052 5.966516363 29
2421.608614 3973 3.375318831 13
2489.681059 3625 3.310507554 13
2516.54885 3530 3.293834086 13
2477.538189 3625 3.653913741 15
2463.13453 3628 3.307872492 13
2358.458769 3619 3.810451815 16
2310.650741 3815 4.018239891 17
2459.023364 3651 3.657103821 15
2575.902771 3239 5.309338196 25
2504.143656 3530 3.982108105 17
2526.294766 3442 4.138776538 18
2551.003752 3433 4.312373753 19
2403.209095 3769 3.675053064 15
2454.217845 3679 3.489951091 14
2487.845032 3571 3.471375256 14
