3447.864643 4071 5.267725012 29
3395.484756 5773 3.682426558 16
2944.550888 5576 3.745778178 17
3494.061079 4188 4.859263797 26
3417.900052 3899 6.246644009 36
3423.550216 3771 6.080031195 35
3413.172706 3884 6.388131575 37
2917.72579 5438 4.441775941 22
2997.292685 4909 4.067445542 20
3062.019964 4991 3.799344211 18
2923.118806 5284 4.125930247 20
3110.98886 4199 5.544784565 31
3103.365866 4312 5.563927519 31
3108.930321 4251 5.553743252 31
3311.996743 4038 5.537128412 31
3012.202123 4349 5.127184875 28
2796.360279 5635 3.885515126 18
3134.464475 4948 3.799234871 18
2749.65307 5772 3.904858385 18
3218.258395 4314 4.274546942 22
2847.931818 5528 4.016585558 19
2968.996785 5133 4.104032296 20
2941.261408 5146 3.958842667 19
2979.389247 4881 4.205280901 21
3314.006945 4250 5.14086315 28
3146.690775 4198 5.69291254 32
3326.603325 4306 4.139693641 21
3169.697214 4498 3.723504915 18
3291.756277 3938 5.662024237 32
3241.486696 4096 5.829324465 33
3176.623284 4114 5.391944378 30
3051.110369 4630 3.879170999 19
3028.160038 4733 3.894968893 19
3107.527843 4346 3.834903666 19
3321.588779 4137 4.977095139 27
3328.022353 4123 4.975289784 27
3002.45346 4474 4.135879237 21
3028.857514 4323 4.545834505 24
2951.234952 4947 4.503257927 23
2983.169173 4423 4.269515691 22
3105.864511 4270 4.978294663 27
2689.532245 5988 3.936750681 18
3154.104958 4142 5.973042575 34
