3091.19291 5032 4.388068404 22
3036.83614 4831 4.636252053 24
3025.542512 4782 4.771065674 25
2954.567648 5152 4.395136168 22
3039.782714 5059 4.532146894 23
3022.790034 5114 4.395473046 22
3239.641303 4026 6.106030011 35
3127.292965 4461 4.435708357 23
3052.520426 4733 4.909827945 26
3057.077 4727 4.909239867 26
3421.744883 3857 6.528874913 38
3464.710729 3819 6.381985146 37
3298.027188 4042 5.97025501 34
3304.615255 3912 6.237248664 36
3215.317444 3976 6.239322876 36
3348.044218 4201 5.280353769 29
3177.432472 4049 5.669805643 32
3412.280864 4041 5.981866721 34
3386.841138 3919 6.102346043 35
3277.586782 3975 6.100950312 35
3188.446975 4955 4.384522307 22
3316.453213 4116 5.55134482 31
2803.492639 5891 4.654504972 23
2773.737585 5763 4.918101673 25
2722.897279 6052 4.529963829 22
2803.329542 5886 4.798227122 24
2828.764968 5552 4.452703264 22
3398.735275 3903 7.113097026 42
2700.991429 6201 4.553982361 22
3410.024819 3895 6.968230074 41
2973.999853 4854 4.633825382 24
3076.957386 5028 4.530515004 23
3140.179455 4194 6.559260138 38
2832.507695 5248 4.254853087 21
2812.282415 5970 4.380103212 21
2883.255246 5209 4.253210638 21
2823.081694 5307 5.132011074 27
2828.364796 5341 4.849311006 25
2916.051885 4720 5.0380759 27
2850.136402 5063 4.947148112 26
2892.459739 4767 4.89931022 26
2786.759521 5313 4.984700938 26
2968.047279 4426 4.991588652 27
2887.579816 4261 5.098806736 28
2963.26236 4564 5.015433594 27
2831.7198 5298 5.56517744 30
2818.180534 5773 4.490588291 22
2872.632824 5093 4.520897743 23
2870.799286 5239 4.691078939 24
2816.78785 5693 4.620956066 23
2839.036562 5075 4.948119293 26
3010.093243 4207 5.101923201 28
2838.211405 4619 5.156852499 28
3007.958063 4199 5.389533592 30
3640.403625 3846 5.971011662 34
