3659.661971 10789 5.142214407 27
4296.075841 7574 3.643285098 18
4424.620968 7278 3.971613382 21
4279.048232 7713 3.66220575 18
4105.096904 8155 3.832328693 19
4542.624273 7545 3.780415718 19
4102.972165 8378 3.864844387 19
4512.908995 6740 4.862177678 29
4616.101029 6453 5.189650895 32
4578.22947 6178 5.266314405 33
4340.604961 7860 3.568805557 17
4271.397381 7941 3.574745963 17
4068.197605 8443 3.991626921 20
4027.924579 8629 3.895210539 19
4206.366845 8413 3.638376042 17
4177.372158 7927 3.925331776 20
4319.924822 7525 3.878615252 20
4314.262126 7373 3.976076737 21
4197.095551 7876 3.679076378 18
4370.161049 5710 6.742895046 46
4270.257741 6101 6.671422402 45
4430.368219 5846 6.647766189 45
4813.158194 5297 7.682213716 54
4374.317711 6516 4.937679745 30
4242.135174 6457 5.639098105 36
4168.607621 6158 5.709184085 37
4480.661444 6754 4.861464361 29
4430.739415 7070 4.061874275 22
4523.034637 6460 5.062459716 31
4343.772189 6445 5.525822101 35
4271.613953 7083 4.170365713 23
4229.297009 6923 4.263510081 24
4216.195408 6802 4.725582744 28
4455.623134 5700 6.38805565 43
4481.927948 5702 6.270370652 42
4362.60236 6098 6.318199763 42
4529.620631 5404 7.43311262 52
4693.428958 5370 7.321943686 51
4764.705846 5365 7.688028287 54
4269.146554 6760 4.603731779 27
4423.529225 6267 5.38632912 34
4421.947335 6085 5.479741817 35
4589.766115 5565 6.74047114 46
4461.687462 5533 7.085496652 49
4445.036174 5697 6.747411461 46
4563.3481 5607 6.864598041 47
4561.890221 5649 6.870631346 47
4453.691365 5612 6.976159743 48
4113.326135 7027 5.350923136 33
4181.694022 6579 5.170863783 32
4728.144283 5554 6.630493315 45
4720.344113 5502 6.742434209 46
4341.509407 5923 7.132372874 49
5016.491803 5364 7.348775323 51
4395.980224 5920 6.054493905 40
4204.222079 6927 4.38218034 25
4356.836842 6759 5.092045389 31
4499.697983 6745 4.741543009 28
4239.946938 6844 4.493309231 26
4130.112824 6729 6.390779472 42
4375.319458 5994 6.183806728 41
4276.888508 6064 6.426096741 43
4412.770423 5899 6.052854941 40
4364.356721 6005 6.785652299 46
4647.316966 5838 6.064029388 40
4154.927506 7000 4.629125013 27
4116.36119 6775 4.953529516 30
4469.371637 6080 5.603311203 36
4366.391679 6027 6.54858345 44
4499.510014 5970 5.830236563 38
4341.020626 6449 5.52617259 35
4356.133024 6315 5.507820795 35
3982.405605 7254 4.050396962 22
4112.055585 6920 5.575594211 35
3880.405761 7528 4.081823661 22
4072.172451 7130 4.16014969 23
4036.124668 7070 4.388729169 25
4008.011899 7210 4.286610991 24
3980.271146 7215 4.164730003 23
4505.779015 5665 6.627695121 45
