3411.406867 9454 4.991572432 26
3680.912353 6148 3.887484193 21
3715.03326 5739 3.953129392 22
3505.113008 6543 3.93198646 21
3487.733416 6297 4.017871142 22
3586.04031 6124 4.000279297 22
3632.51363 6190 3.7646642 20
3896.393374 5618 4.450478313 26
3559.84386 5768 4.068622796 23
3616.897565 5212 4.488634437 27
3638.445992 5185 4.986061067 31
3507.379496 5746 4.310406246 25
3583.56533 5635 4.17538244 24
3579.924001 5672 4.43050351 26
3939.15996 5024 5.737762159 37
3930.548076 5140 6.129378618 40
3995.656199 4892 6.222309044 41
3598.149221 5702 4.061982832 23
3599.448063 5615 4.798275265 29
4108.404776 4652 7.070132033 48
3995.339506 4663 6.437208471 43
3982.408224 4880 6.344205455 42
3520.156373 5987 4.223349806 24
3547.10636 6090 4.116535753 23
3482.482233 5798 4.441013268 26
3558.668067 5687 4.305989462 25
3517.50046 5700 4.429206058 26
3535.38135 5647 4.672535886 28
3885.767651 5123 6.497513187 43
3861.416728 5139 6.247970874 41
4155.376645 4647 6.823746434 46
4208.329625 4631 6.950932648 47
3620.27287 6901 3.622065442 18
4018.873984 4891 5.849511238 38
3698.622049 5910 3.852809429 21
3993.783553 5110 5.505919783 35
4045.04589 4927 5.607517417 36
4134.476973 4730 5.335669311 34
3700.378605 5791 3.959744324 22
4011.423128 4941 6.106273043 40
3692.427164 6071 3.8767814 21
3984.540388 5600 4.455591185 26
4013.353741 5099 4.881464119 30
4000.832739 5079 5.252016322 33
3978.541282 5131 5.133045948 32
4042.911127 5004 5.119436864 32
4019.883306 5073 5.25279996 33
3744.534849 5683 4.072132961 23
3776.501758 5673 3.823648672 21
4153.173327 4722 5.960640731 39
3688.776609 5958 3.984148411 22
3638.26064 5691 4.063881565 23
3763.567767 5647 3.94344054 22
3952.252053 4985 5.857892986 38
4046.495787 4750 5.705590257 37
3951.860403 4892 6.343311247 42
3738.607147 5721 3.702678626 20
3873.792257 5627 4.32493046 25
3654.181526 6031 3.992185254 22
3717.53872 5721 3.82570604 21
4015.404308 5445 4.434731382 26
4005.450182 5063 5.374895408 34
4027.79156 5020 5.620145935 36
4341.973398 4671 5.96969603 39
