3345.279949 3206 7.943030674 17
2562.579516 6668 8.85118878 16
2665.758872 4197 6.48501827 12
2599.758526 4198 6.469379932 12
3079.502843 3505 5.956968467 11
3036.20569 3508 5.606727787 10
3063.93409 3473 6.280832201 12
2929.983021 3726 6.012490672 11
2824.089728 3550 6.254508312 12
2869.868979 3448 6.564188504 13
2947.656282 3972 5.778120135 10
3006.858431 3900 5.762583028 10
2797.111236 4143 5.812602941 10
3031.590829 3440 6.600199848 13
2774.306085 3794 6.68481042 13
2971.838698 3653 5.992318353 11
2787.014961 3765 7.016799897 14
2735.263844 3891 6.033733617 11
2821.172209 3847 6.377291369 12
2969.976181 3922 5.762759279 10
