2838.605183 4290 5.439384362 8
3076.485358 3285 6.845540841 13
2446.014781 5674 7.010834194 11
2750.200236 3859 5.94255093 10
2804.44637 3542 6.175043968 11
3086.259246 3533 6.242809417 11
2673.315716 4177 6.061256389 10
2769.071919 3433 6.831698727 13
2676.787442 3805 6.256922023 11
2707.494472 3545 6.50821055 12
2812.510962 3479 6.506225614 12
2938.331564 3405 7.219097376 14
3035.519367 3390 7.950338622 16
2683.205142 3789 6.964641308 13
2706.295901 3745 6.594862218 12
2728.926566 3732 6.238444366 11
2833.219325 3562 5.83453622 10
2764.849651 3656 5.501494368 9
2755.772438 3695 6.229185598 11
3205.980713 3465 6.243695094 11
3209.105406 3582 5.58231594 9
3111.4202 3960 5.365296007 8
3148.154028 3516 5.894639177 10
2742.707308 4392 5.815862511 9
2759.266379 3845 5.582248188 9
2909.734345 4005 5.333562866 8
2725.945622 4632 5.915947039 9
