2183.066903 5528 8.985304245 14
2994.402083 3037 7.188562761 12
2930.095042 2944 8.333221425 15
2905.618869 2955 7.928642279 14
3013.858124 2981 7.569585751 13
2917.782912 3018 7.560148896 13
2351.387325 3081 6.622388985 11
2351.141024 3332 5.939762899 9
2317.95717 3343 5.935628965 9
2576.743047 3124 6.305353652 10
2571.790007 3047 7.474937177 13
2541.16805 2978 7.835176073 14
2365.267565 3213 6.28829559 10
2507.179795 3229 5.934005003 9
2218.75641 3420 5.542001228 8
3578.324965 2925 10.12202462 19
