1953.419072 4360 6.512444017 11
2724.681226 3108 4.68248364 7
2207.342021 3166 6.043630082 11
2370.176401 2531 5.433880356 10
2182.187143 3211 5.32178452 9
2165.675175 3239 5.697721963 10
2464.821338 2658 4.7802334 8
2215.970616 2776 5.135579736 9
2233.204482 2898 4.827096243 8
2367.573169 2693 6.976695204 14
2215.107056 3055 5.628178308 10
2201.719808 3179 6.047984793 11
2205.788978 3970 5.300621772 8
2190.456133 3126 6.38897616 12
2169.306685 4024 5.315266552 8
2067.690027 3504 5.423138415 9
2112.088048 3144 6.74420247 13
2157.672165 3367 5.385308617 9
2179.975784 3325 5.372325486 9
2215.89643 3010 6.711345028 13
