3958.044398 8375 7.869155263 17
4784.463945 5398 6.024572335 13
4724.049831 5009 6.15098056 14
4632.178074 5211 6.198346381 14
4637.933286 5155 6.181530662 14
4963.125135 4960 7.227932334 18
4790.811827 5336 6.005950453 13
4539.109288 5287 6.205232886 14
4625.097129 5128 6.694467035 16
4637.997148 5137 6.175791799 14
4393.829892 5488 6.766258942 16
4385.422785 5554 6.785773907 16
4470.64143 5467 6.511924996 15
4364.522432 5610 6.537778154 15
4511.536899 5326 6.736501305 16
4558.905618 5545 6.029380123 13
4447.935445 5620 6.032601353 13
4028.967474 6780 6.324902867 13
4068.942844 5687 5.721192193 12
