5942.78636 5149 8.897623366 35
3915.115111 7849 6.717364086 22
4509.540856 5769 7.477254208 28
4267.703944 5987 7.690967058 29
4465.858979 6010 5.769374852 19
4491.66859 6015 5.578695143 18
4435.585707 6284 5.634998245 18
4469.321113 5913 5.746734887 19
4440.159045 6226 5.621810022 18
4403.944512 6860 5.572421344 17
4278.681441 7229 5.642915052 17
4191.783307 6779 5.718997195 18
4147.56353 6675 5.883510051 19
4276.296586 6681 5.707421574 18
4425.003399 6581 5.508850295 17
4388.136648 6666 5.719442179 18
4555.259987 5901 5.560387865 18
4985.512209 5267 7.619433765 29
4452.377666 6131 5.014455527 15
4516.793953 5939 5.173140516 16
4726.127686 5827 5.371104814 17
4767.833697 5628 5.91589576 20
4718.423957 5687 5.532128252 18
4590.615466 5845 5.161027425 16
4494.477174 6107 5.405546876 17
4832.5183 5464 5.88582198 20
4547.439659 5629 5.689929011 19
4581.162018 5498 7.227170389 27
4703.920779 5417 7.615922206 29
4271.332443 5906 5.91292717 20
4630.489446 5587 6.277910924 22
4397.157799 5776 6.094955259 21
4281.190737 5825 6.090464024 21
4149.506288 6111 5.749335203 19
4107.972235 6423 6.013388262 20
5451.65159 5244 8.460838184 33
