4056.72178 6001 6.721139229 17
4135.867779 5868 6.695024895 17
4130.649125 5929 6.959466789 18
4236.596663 5821 7.439581039 20
4681.797555 6040 6.349051678 15
4831.291234 5941 6.098585955 14
4923.628818 5813 6.076302066 14
5353.895235 5408 9.240972504 27
4778.488311 5912 6.327534838 15
4982.561179 5468 6.970722376 18
4699.566193 5973 6.085013922 14
4926.251223 5732 6.052366556 14
5037.651811 5464 6.979224792 18
4702.49614 5808 6.529807302 16
5353.547649 5402 9.733079932 29
5228.833774 5443 9.723454144 29
4638.698272 5813 6.767059786 17
4834.166564 5495 6.211743205 15
4573.037852 6308 5.916634682 13
4588.240203 6220 6.139795337 14
