5294.202661 10987 8.767836345 28
5911.021782 7630 6.311940294 19
5700.430978 7481 6.635680976 21
5787.755324 7910 6.36114482 19
6111.862713 6769 8.270873299 30
5600.027428 7409 7.769234567 27
6392.275235 6660 9.642480713 37
6194.922165 6691 7.875746619 28
6541.052478 6480 9.620477089 37
6592.684006 6443 9.618868673 37
5955.598183 6851 7.104147914 24
5669.524116 7389 7.580040617 26
5838.913912 6931 6.718760861 22
5699.150716 7343 7.379172348 25
6064.76073 6833 7.503168054 26
5812.232132 7159 7.351279479 25
5501.39421 7454 8.154394228 29
5445.459031 7777 7.64085054 26
5433.930191 7877 7.662922879 26
5364.763164 7974 7.288138805 24
5658.890253 7355 8.15276942 29
5475.868866 7880 6.89310847 22
5662.531411 7409 7.389723284 25
5526.377488 7447 7.185782445 24
5481.177003 7577 7.016210307 23
5500.920151 7533 7.202612613 24
5797.757799 7123 8.699334512 32
5779.281836 7250 8.532752633 31
5520.229863 7878 6.704694549 21
5430.66838 8010 6.723536332 21
5422.939939 8421 7.207910027 23
5340.729075 8979 7.716763671 25
5316.578735 8793 7.863478949 26
5402.986625 8975 7.142188681 22
5358.234504 9147 7.370785133 23
