6281.900426 8032 7.402573526 24
6363.692991 8405 6.728245377 20
6958.043333 7828 8.027937582 27
6395.949207 8255 6.503922237 19
6484.79424 8230 6.510284111 19
6577.718759 7959 6.45918997 19
6245.619135 8852 6.623982829 19
6567.017824 7952 7.03625128 22
6845.701627 7920 7.067154588 22
6520.565788 8009 7.04328561 22
6116.7848 8731 6.771065827 20
6066.211254 8588 6.923757921 21
6134.451295 8573 6.736239153 20
6198.134941 8444 7.101393618 22
6111.885629 8802 6.787135163 20
6181.806151 8500 6.918952028 21
5943.292045 8831 6.770713643 20
6204.36763 8248 6.862630911 21
6780.177187 8966 6.337831051 17
