6693.659392 9352 6.984602691 21
6748.846415 8909 6.70265181 20
6918.381631 9315 6.630527664 19
6738.239733 9257 6.968813343 21
6976.743217 9077 6.395966731 18
6720.431006 9350 6.987732449 21
6783.226932 8865 6.885037286 21
7341.627812 8462 6.867549203 21
7370.192861 8359 6.659922755 20
7006.623453 8736 7.261139684 23
7048.420673 8731 7.265595898 23
6936.467739 8737 7.064108506 22
7192.49486 8710 7.092235852 22
7003.613695 8866 6.726944791 20
7326.003974 8717 6.548158608 19
7332.868256 8756 6.37015531 18
7299.369586 8762 6.367040368 18
