3738.150285 3438 6.681569499 14
2814.894404 4159 5.150669229 9
2724.936746 4244 5.163315624 9
2828.591028 4152 5.151064747 9
3004.060636 3760 5.038037294 9
2946.030137 3896 5.077901418 9
3041.892328 3649 5.003323051 9
3072.954317 3530 5.604561826 11
3021.305061 3655 5.000962289 9
2541.262879 4041 5.3623589 10
2601.442916 3963 5.665954729 11
2771.970553 3741 5.938516708 12
2488.824348 4276 5.121860251 9
2479.86745 4060 5.35575096 10
2542.597942 3995 5.344695233 10
2707.399606 3777 5.617511238 11
2779.698065 3727 5.934813816 12
2809.441795 4209 5.168954473 9
