3599.873295 4632 6.707621179 18
3175.417826 7285 6.94621511 16
3743.561723 4744 5.489542467 13
3611.590065 5621 5.739088982 13
3378.542886 6221 6.139609232 14
4210.732761 4739 6.59665481 17
3323.036208 5451 6.145078372 15
3333.149879 5161 6.312291007 16
3329.819217 5166 6.313243133 16
3448.826746 5091 6.31156432 16
3473.338019 4905 6.258003975 16
3318.345181 5456 6.145782194 15
3411.925372 5114 6.312005099 16
3363.451953 5077 6.547463149 17
3520.104024 5473 5.932062669 14
3571.316666 5097 6.079943916 15
3515.29379 5656 5.73243272 13
3672.876382 5321 5.40082143 12
3529.486598 5371 6.157800206 15
3425.447444 5720 5.991852342 14
3611.062962 4884 6.532440509 17
