2392.78519 6287 6.752290316 15
2832.949586 3881 5.195363347 12
3286.733437 3614 6.302952385 16
2898.556885 3660 5.133667493 12
2937.654756 3647 5.691056768 14
2836.753128 3712 5.69307452 14
2890.934256 3697 5.698715047 14
2856.366674 3729 4.871613008 11
2966.134564 4240 4.788915108 10
2729.11021 4164 5.8245032 14
2457.678226 4694 5.395858703 12
2588.329794 4372 5.589923287 13
2627.620336 4303 5.851404695 14
2720.843037 4168 6.101247695 15
2473.736096 4503 5.88855933 14
2506.672002 4951 5.215338892 11
2535.472885 4462 5.332855283 12
2601.684334 4308 6.124995046 15
2521.965186 4399 5.58592893 13
2473.142334 4646 5.659725765 13
2415.986025 4931 6.021740481 14
2526.4145 4739 5.147619082 11
2832.866187 5001 5.019671189 10
2829.931121 4622 5.168077603 11
2901.682879 4426 4.839015028 10
2834.980346 4494 4.848805237 10
2813.172087 4661 5.177941105 11
2812.537552 4719 5.197410293 11
2752.565441 4350 5.614949589 13
