2778.320142 6664 7.798072956 13
3258.458497 4861 7.84658363 15
3275.782678 4488 8.034704884 16
3157.024533 5716 8.174016194 15
3177.581177 6095 7.997483534 14
3203.525806 4923 7.521424937 14
3222.160227 4979 7.211507709 13
2946.931067 6159 8.305742664 15
3172.187941 5329 8.355855945 16
3526.531924 4193 6.623877027 12
3595.909003 3893 6.517122126 12
4163.339658 3884 10.69940481 24
4344.785998 3780 11.03773655 25
3502.750292 4352 7.021032478 13
3525.809343 4549 6.77020513 12
3277.916349 4441 7.340979862 14
3320.290087 4488 7.033073951 13
3375.469403 4660 6.779691194 12
3414.154464 4353 7.675012495 15
3138.170939 5879 8.236555555 15
