2752.552044 4027 6.570918597 14
2568.680427 4189 6.27703572 13
2694.366992 4008 7.180116964 16
2722.071176 4037 6.253133066 13
2775.448078 3939 6.227499856 13
2611.420748 4147 5.955731723 12
2595.116182 4121 6.256868701 13
2584.818872 4473 5.760122472 11
2715.012342 4038 6.881490296 15
2851.310054 3802 7.13628268 16
2727.753635 4122 5.972259454 12
2851.496021 3764 6.492178569 14
2607.742217 4192 5.972180114 12
2921.835417 3580 5.807782618 12
2798.495949 3869 5.891025002 12
2872.467648 4029 5.654277764 11
3001.890888 4287 5.152823865 9
2874.117478 3772 5.241212562 10
2589.456766 4296 5.378438468 10
2555.322657 5317 6.392270155 12
