4144.544176 4909 8.504402059 23
3413.177843 6001 6.590165272 15
3543.975096 5822 6.556891374 15
4005.952835 4828 10.31541637 30
3178.162542 6104 6.84520295 16
3898.129638 4898 10.31766423 30
3199.057779 5466 7.174496364 18
3489.520549 5080 7.636808286 20
3194.328185 5610 6.687883762 16
3205.411754 5439 6.900703206 17
3082.01438 5737 7.772720264 20
3139.598689 6141 6.317423777 14
3112.521661 5863 7.553189991 19
3279.499974 5039 7.849840092 21
3385.672767 5115 7.628447587 20
3321.231772 4961 8.631143048 24
3266.227481 5123 7.608358142 20
3710.712145 5095 7.41745669 19
3285.897454 5037 7.850405848 21
3442.024645 5027 8.409280655 23
3767.064023 5007 8.198289758 22
3322.579359 5035 8.389191209 23
3246.182398 5305 7.39740802 19
3274.13789 5097 8.13388658 22
3648.314173 5208 7.442293439 19
3853.630508 5478 6.770251249 16
4676.2671 4609 10.63786242 31
4052.996661 5654 6.066559431 13
4020.467821 4910 6.883757687 17
3946.3603 5257 6.982344408 17
4474.802951 4744 10.11096095 29
4222.09297 4794 9.812962463 28
4301.037334 4772 9.820813909 28
3945.762351 5492 6.526062005 15
3853.084213 5602 6.277939696 14
3799.2054 5534 6.778095831 16
3896.036505 5414 6.757526414 16
3859.770333 5279 6.973040794 17
3972.130312 5196 7.233667608 18
