4909.876389 4466 9.728804517 27
3424.149434 7346 8.498061854 20
4482.652687 5318 6.950611162 16
4070.525885 5210 7.106025625 17
4297.552507 5883 6.830715583 15
4170.014729 5041 7.069458289 17
4017.538836 5143 7.344310303 18
4011.251555 5132 7.610093122 19
4232.261192 5657 7.014149438 16
4151.784656 5099 8.167588787 21
3790.339079 5946 7.02420738 16
3781.110629 6192 6.832986706 15
3841.850801 5738 6.965505848 16
3620.53176 6212 6.808584515 15
3534.13032 6714 6.957579616 15
3574.499892 6256 6.814218626 15
3619.042574 5525 7.122818451 17
3498.881605 6136 7.030642158 16
3558.302402 5979 6.990299309 16
3847.883956 6006 6.784492447 15
3469.143874 7481 7.468795104 16
