4047.817999 7911 7.800869453 20
4660.67561 6548 7.507162348 20
4136.041788 7769 7.294907733 18
4441.510827 7623 7.064702875 17
4103.00529 7609 7.482239209 19
4668.888784 6694 7.31149121 19
5368.000123 5281 6.058853822 15
5284.921006 5454 6.095227716 15
5536.291145 5115 6.039102433 15
5458.0072 5230 6.299103571 16
5624.72067 5069 6.040778243 15
5885.292408 4958 6.532425748 17
5278.265618 5589 5.893796897 14
5319.197575 5313 5.820096661 14
5316.753815 5580 5.657982743 13
5106.308415 5582 6.821400708 18
5077.377713 5417 7.247738585 20
5210.931713 5287 6.753039489 18
5162.325248 5325 6.995602418 19
5463.670824 4717 7.109136676 20
5374.490109 5197 6.514934712 17
5228.320159 5011 6.675312074 18
5140.672543 5346 6.758272935 18
5109.574521 5192 7.187456461 20
5049.051688 5659 7.55341966 21
5125.984178 5379 7.005175656 19
5066.751683 5600 6.580131501 17
4724.054588 5792 5.858354367 14
4537.398602 6949 6.164730463 14
4698.828566 6947 6.671290851 16
5116.220983 5611 5.872511484 14
4748.804502 5660 6.063757495 15
4723.448262 5923 6.37608691 16
