5204.058989 6508 7.530843332 30
5520.467863 6170 8.40120699 35
5705.079553 6339 8.281471122 34
5560.077122 6169 8.586911823 36
4712.550429 7205 6.174606836 22
5088.886996 6560 7.346637021 29
5030.225338 6611 7.531131604 30
4898.589996 6878 5.764867728 20
4565.245548 7001 6.472253285 24
4481.343906 7339 6.355145796 23
4678.058108 6852 6.273134287 23
4728.974087 7369 6.032072732 21
5483.659565 6474 8.825124773 37
4770.680269 6845 6.464354566 24
4739.689438 7075 5.96862587 21
4379.421709 7396 6.535382955 24
4926.020213 6677 6.266531825 23
5369.623606 6494 7.729929396 31
5443.357658 6488 8.280565431 34
4627.879979 6902 6.277686833 23
4280.872947 7397 6.161259245 22
4696.80927 6619 6.585806708 25
4810.37206 6682 6.433532008 24
5364.047974 6613 6.670555251 25
5133.590807 8134 5.710507304 18
