6857.388546 8643 5.946761887 18
6853.823518 8648 5.769519904 17
6802.888783 8657 5.94288285 18
6703.129768 8703 5.940201934 18
6933.182176 7854 6.318852836 21
6937.231482 7463 5.878802694 19
7024.279303 7349 6.042994228 20
6234.341489 8596 6.56899995 22
6126.311658 9096 6.663751046 22
6158.558037 8936 6.63313589 22
6495.989374 7843 6.438861992 22
6479.687573 7912 6.273886601 21
6867.050354 7668 6.625862138 23
6539.178737 7716 6.416793831 22
6339.853756 7961 6.622519403 23
6240.763289 7997 6.262005754 21
6527.909823 8220 6.168943004 20
6477.671298 8408 6.025474557 19
6626.387325 8319 6.025040474 19
6377.717212 8288 6.164634397 20
6468.080599 8419 6.026643634 19
6158.743779 8602 6.204959894 20
