7134.897653 8294 10.01236182 42
7329.745781 8271 9.856755877 41
6506.859238 8539 7.710888507 29
6893.404582 8377 8.074630028 31
6738.104919 8520 7.735707871 29
6969.360991 8346 8.952630988 36
7769.060253 8230 10.25291361 43
8042.441961 8206 10.28192712 43
6257.101534 8573 7.161879274 26
7634.29023 8310 9.378027702 38
6525.516854 8559 7.192407121 26
6188.647196 8804 6.502531187 22
6046.785154 9045 6.886311487 24
6029.584936 9126 6.726426294 23
6196.209256 9045 6.379889523 21
6061.827646 8892 6.505479012 22
6057.707111 9118 6.553203556 22
