1215.224116 1407 0.106292499 12
1015.186586 3470 0.109012304 10
1088.276208 2259 0.105916814 11
1055.51553 2441 0.092786459 9
1089.487856 2210 0.09819867 10
1077.960628 2313 0.106343173 11
1059.613291 2375 0.099509989 10
1073.788442 2324 0.099130367 10
1080.006261 2336 0.091980477 9
1290.045507 1496 0.092894903 10
1197.873386 1589 0.093242275 10
1221.257933 1443 0.099354986 11
1102.340339 2179 0.112567725 12
1258.325134 1536 0.093085513 10
1178.391079 1513 0.0997543 11
1182.563265 1502 0.106967107 12
1224.231626 1405 0.10632156 12
1105.657998 2063 0.096976088 10
1109.721532 1915 0.095681663 10
1301.22812 1636 0.086908608 9
1238.91416 1569 0.093277909 10
1162.451349 1600 0.093155858 10
1176.94434 1661 0.086484555 9
1128.353695 1698 0.086560773 9
1104.693483 2112 0.090117739 9
1165.425042 1562 0.100122432 11
1111.79567 1840 0.087736893 9
1114.769363 1802 0.094703467 10
1161.833054 1655 0.100930421 11
1084.592384 2275 0.10603988 11
