1857.381985 5859 6.036291463 17
2388.27561 4006 4.168537928 11
2040.34634 3471 4.429075899 13
2037.550329 3478 4.667620504 14
2091.387109 3470 5.385393485 17
2123.014095 3381 4.65403562 14
2005.069617 3552 4.209527667 12
2033.672172 3551 4.45106885 13
2138.846436 3329 4.641683574 14
2132.140398 3317 4.874075761 15
2195.702583 3247 4.627597113 14
2121.884158 3382 5.128122032 16
2319.696695 3065 6.965902476 24
1982.161612 5700 4.826463741 12
2161.601737 3248 6.281080063 21
2171.54163 3173 5.313107472 17
2229.829483 3090 6.009956719 20
2320.446731 3071 5.545798074 18
2285.737398 3308 4.423455601 13
2256.801984 3422 4.451511318 13
2505.1321 3070 4.154769445 12
2534.096309 2875 4.340302411 13
2333.267084 3162 4.626289377 14
2402.148561 3017 4.596028008 14
2429.341244 2956 4.346001337 13
2322.4338 3226 4.405960628 13
2303.179208 3221 5.112242727 16
2473.401356 3081 4.152583755 12
2441.057526 3145 3.928618108 11
2394.302374 2722 5.931406615 20
2327.781685 2843 4.77015962 15
2289.148506 3244 4.879523664 15
2213.633304 4476 4.037854186 10
2178.05846 4103 4.161030115 11
2187.217313 4055 4.148705817 11
