1588.374779 4894 5.334368688 13
2068.401337 2525 5.189325172 15
2089.442484 2772 3.946383124 10
2097.404415 2428 5.163424461 15
2070.44615 2416 5.419809384 16
2174.924622 2820 3.712728448 9
2182.821083 2368 7.283155448 23
2249.9112 2310 7.542458917 24
2019.317946 2637 4.154789967 11
2195.393976 2315 6.206894976 19
2193.675125 2360 6.486504838 20
2030.614981 2552 4.129420636 11
2070.394025 2476 5.173844823 15
1983.980959 2574 5.454572447 16
1833.056177 3382 3.299138467 7
1858.812727 2575 4.3697105 12
1692.037507 3604 4.405774091 11
1954.34236 2823 3.93731077 10
1724.666904 2988 3.681854414 9
1757.900658 2866 4.179408377 11
1922.276662 2876 3.683020015 9
1935.682992 2537 5.964198884 18
1721.578381 3079 3.9760917 10
2130.083667 2302 7.782556293 25
1967.410541 2480 5.686386785 17
1714.734878 3211 3.486770195 8
1716.993307 3135 3.993346629 10
1704.110535 3210 4.015179503 10
1775.763376 2747 5.471139668 16
1818.102703 2739 5.741938538 17
1912.25127 2534 6.489536244 20
1702.39477 3279 4.302556939 11
1970.536668 2375 5.652998042 17
1698.485256 3323 3.785311934 9
1846.90082 2649 5.452892226 16
1694.849531 3434 3.555173779 8
1802.070391 2792 4.163822388 11
1809.733231 2872 3.925790919 10
1776.89011 2966 3.949993759 10
1744.232512 2969 4.210154052 11
