2292.729157 8033 6.845365909 21
2647.274232 3705 5.784724691 21
2610.800212 3820 6.019901705 22
2839.004655 3372 8.471767754 34
2556.670347 4117 5.243925908 18
2580.914331 3799 6.432132531 24
2585.921047 3759 6.633658639 25
2601.547705 3692 6.40769766 24
2630.210385 3614 7.236209286 28
2723.208767 4346 4.905811359 16
2383.753086 4759 5.172070928 17
2391.753687 4601 5.343674622 18
2458.174604 4545 4.917125391 16
2384.091177 4751 5.381130846 18
2515.581768 4358 4.666567654 15
2299.112426 5169 5.475928126 18
2481.700733 4465 4.900075915 16
2494.818507 4406 4.675796352 15
2461.23508 4486 4.691331408 15
2354.113071 5060 5.667221659 19
2861.483152 4142 4.874122946 16
2979.687064 3973 4.848421347 16
3017.360706 3637 5.61188057 20
2908.377248 3479 7.243346381 28
2985.491179 4294 4.720852597 15
2630.131844 4022 5.019466442 17
2615.985091 3993 5.22093984 18
2662.189689 3868 5.195722257 18
2748.747567 3761 4.97014603 17
2755.396443 4247 4.885175526 16
2668.735264 3937 5.003400291 17
2714.087524 3919 5.005596191 17
2748.528058 3762 5.60357501 20
2798.585058 3703 6.018062357 22
2809.08877 3604 6.205229583 23
2863.773608 3499 6.608573375 25
2683.018697 3818 5.608125081 20
2611.139192 3963 5.423556352 19
2610.325086 4079 5.242223983 18
2953.723514 3650 5.81671255 21
3021.403164 3408 7.031022098 27
3049.108098 3240 6.358746007 24
3037.076726 3590 6.447024423 24
2976.137194 3363 8.067964031 32
3046.300468 3401 7.032969311 27
2919.480601 3372 7.217476487 28
2888.461335 3603 6.005855825 22
2567.5881 3998 5.637075686 20
3036.332286 3328 7.645882725 30
2892.417665 3454 7.656644616 30
2925.134225 3347 8.478302065 34
2810.241114 3445 8.275158572 33
2834.439402 3368 8.681118932 35
2715.109428 3688 6.212699875 23
2562.845646 3881 5.817313952 21
2469.213425 3751 7.036162124 27
2530.746424 3743 7.25443672 28
2596.800052 3714 7.467986623 29
2843.118443 3373 8.050508183 32
2443.777138 4147 5.023580341 17
2812.451948 3454 7.855671657 31
2532.956048 4126 5.453739842 19
2692.024385 3576 6.813599553 26
2671.28866 3578 6.599923775 25
2627.292225 3653 6.401535638 24
2759.570575 3479 8.065212043 32
2798.570992 3476 8.492448914 34
2835.303362 3462 7.439035384 29
2675.481569 3484 7.209564149 28
2647.785791 3568 7.015947153 27
2748.994407 3495 7.012396841 27
