2000.264652 6131 4.639569889 18
2390.337126 4444 3.298075125 12
2321.818155 4593 3.320980782 12
2406.407851 4303 3.270399283 12
2478.548912 3076 5.607981307 27
2405.537171 3499 3.618557149 15
2391.614711 3215 3.72956774 16
2403.580598 3154 3.890661335 17
2382.698026 3248 3.907860851 17
2376.710422 3390 4.10943756 18
2408.91429 3052 5.766817005 28
2344.161276 3288 5.63603246 27
2629.821188 2976 5.77801165 28
2640.74579 2981 5.607957158 27
2496.280931 3003 4.905010377 23
2387.799893 3516 3.792400197 16
2343.569234 3390 4.62271041 21
2357.244802 3299 4.605255144 21
2362.124138 3425 4.459903811 20
2596.497277 2988 6.638685785 33
2390.877364 3200 4.761022767 22
2325.572657 3901 3.348361725 13
2215.573384 3909 3.336511131 13
2306.682019 3605 3.801137535 16
2158.917925 3622 3.441633436 14
2215.687048 3472 3.934422066 17
