2376.418665 8686 5.711363708 24
2810.829892 3674 5.899872454 31
2853.017538 3692 5.435895443 28
2832.697594 3748 5.601752033 29
2966.575041 3491 6.354404299 34
2929.280894 3193 6.450408699 35
2655.900105 4277 4.266929282 20
2905.731227 3495 5.561392086 29
2993.909227 3471 5.409296909 28
2896.599236 3701 5.285126786 27
2974.208121 3278 5.842209549 31
2863.468911 3767 4.821905818 24
2632.214175 4625 3.85889545 17
2934.399896 3668 4.496089048 22
2795.706073 3825 4.510650298 22
2683.846604 3887 4.195211183 20
2737.226861 3835 4.191224129 20
2972.046052 3378 6.175939912 33
2876.836287 3619 6.368896205 34
2876.931219 3634 6.214396308 33
2683.8581 4116 4.081776773 19
2668.702173 4255 4.106754467 19
2871.987806 3636 5.584666577 29
2770.283541 4001 3.754628766 17
2692.349446 4043 3.596549794 16
2736.54843 3938 4.053527991 19
2878.63846 3724 4.343186852 21
2642.773579 4387 3.657010085 16
2895.837643 3952 3.916711136 18
3037.165341 3842 3.911466742 18
2659.129017 4310 3.801456905 17
2592.339098 4319 4.110464179 19
2594.826203 5361 3.523795265 14
2670.70139 5155 3.650165127 15
2533.03051 5340 3.670215518 15
2805.361095 3772 5.760678741 30
2642.732028 4202 4.408444959 21
2688.541003 5095 3.640651917 15
2489.085567 5261 3.964897324 17
2570.108098 5175 3.957488145 17
2556.79481 4752 4.032192891 18
2555.861524 4634 4.324218616 20
2514.446682 4776 4.504213303 21
2683.610216 5168 3.496720149 14
2574.479392 5076 3.938977053 17
