2426.205698 9093 5.952462636 25
2817.537783 3727 6.225577659 33
3012.124694 3540 5.424585978 28
2503.006938 6737 4.721930721 20
2617.832049 6431 4.833480182 21
2535.735547 6106 4.91927165 22
2850.852117 3482 6.339683011 34
2585.644646 6730 4.729866049 20
2937.501359 3560 6.049604279 32
2517.676256 6472 4.830103764 21
2869.031355 3686 5.751321179 30
2963.199995 3529 5.889150095 31
2715.697701 4997 4.569229012 21
2824.415934 4814 4.546311578 21
3133.90859 3377 6.036532922 32
3070.284996 3319 6.175646204 33
2783.099147 3790 4.974685797 25
3111.824117 3486 5.740195222 30
2954.189285 3569 5.581036609 29
2833.0866 3653 6.213120088 33
2922.041066 3672 4.967638008 25
3039.902934 3409 6.34689889 34
3040.629425 3414 6.033160886 32
2944.392002 3673 4.812949966 24
2898.839761 3692 4.968871643 25
2890.174789 3609 5.109357438 26
3066.936795 3597 5.126901732 26
3056.045537 3586 5.280957128 27
2825.275813 3703 4.647943637 23
2799.657293 3778 4.659462479 23
2638.836357 4376 4.756184121 23
2721.023737 3932 5.152360631 26
2546.96592 5032 5.186559513 25
2624.34859 4632 4.803693652 23
2570.744837 4137 5.017444478 25
2578.938142 4103 5.011838544 25
2646.041293 3971 4.994037266 25
2627.497168 4167 4.872185383 24
2600.110409 4562 4.944926025 24
2548.645531 5390 5.098072483 24
2653.106293 3972 4.680243221 23
2795.169823 3788 6.077384711 32
2596.790534 4628 4.957221202 24
2676.89563 4203 4.569862561 22
2734.135029 3857 4.982047791 25
2740.58659 3871 4.670680068 23
