2006.286496 6346 4.513076257 17
2811.338383 3065 6.853760874 34
2485.289097 3918 3.544036619 14
2392.120707 3498 3.789146291 16
2410.911821 3921 3.707967069 15
2599.814176 3380 4.479682711 20
2410.685548 4090 3.743480767 15
2280.285654 4210 4.097574576 17
2295.533088 4296 3.772636563 15
2285.182531 4443 3.629827924 14
2235.316826 4313 4.113703542 17
2159.066212 4510 3.628402468 14
2207.506777 4225 4.264225334 18
2214.036646 4045 4.572073909 20
2187.645837 4506 3.631077353 14
2208.833083 4335 3.770171893 15
2264.350602 4308 4.116223996 17
2261.022886 4157 4.256508599 18
2194.588441 4297 4.622678073 20
2268.69034 3971 4.390785247 19
2299.780745 3632 4.323316874 19
2356.555172 3575 4.835664516 22
2122.144004 4435 3.78053717 15
2305.15152 4075 4.244692669 18
2181.718666 4396 3.779664652 15
2736.750513 3226 5.32639307 25
2732.958772 3263 5.161257809 24
2675.728468 3132 6.333817277 31
2749.597144 3141 5.654997756 27
2621.029503 3134 5.810158204 28
2779.956209 3091 6.855367904 34
2381.696489 3346 5.307947938 25
2394.068023 3170 5.444906371 26
2822.000859 3017 5.465377603 26
2726.866881 3097 7.022548291 35
2415.992406 3394 5.149811894 24
2477.203963 3273 5.131895756 24
2772.039759 3113 6.859020664 34
2459.373911 3493 4.48616903 20
2576.746582 3454 4.492407308 20
2343.217018 4206 3.932025648 16
2692.221321 3128 6.335005147 31
2440.82373 3856 3.697977262 15
2716.413341 3127 6.337771147 31
2361.121684 3794 4.192482899 18
2337.767447 3974 4.227464554 18
