2353.3518 8029 4.795721843 19
2464.64472 4494 3.972325751 18
2427.017143 4653 3.683839737 16
2974.148196 3397 5.550264241 29
2994.601329 3393 5.394403412 28
3049.279538 3390 5.557356724 29
2773.103524 3553 4.298515463 21
2777.276331 3751 4.179598206 20
2769.44666 3465 4.438603896 22
2786.958611 3506 3.976270785 19
2899.959725 3307 5.996828491 32
2788.706333 3318 5.986447832 32
2529.065077 3820 3.850192528 18
2810.050538 3389 5.687692815 30
2836.055219 3415 5.538213494 29
2559.799566 3793 4.478019721 22
2570.290485 3593 4.283420333 21
2559.535515 3617 4.601598517 23
2562.110433 3493 4.420697621 22
2759.861051 3456 6.00969649 32
3002.529276 3370 5.863047913 31
2522.639965 4204 3.293616963 14
2817.782852 3460 5.387409399 28
2490.552797 3856 3.695388366 17
2789.717889 3245 6.287329168 34
2832.633115 3283 6.142051895 33
2781.443549 3441 5.851851147 31
2470.802528 3868 3.380694718 15
2487.722379 4254 3.299293204 14
2553.760568 4131 3.283099795 14
