3134.351334 9079 5.691976297 29
3201.019843 6553 4.207645055 21
3417.423775 6330 3.653682183 17
3535.827927 4780 4.083422369 22
3468.461488 4613 4.184093514 23
3489.281819 4832 3.952949937 21
3464.447232 4818 4.351878857 24
3245.043505 5682 4.06896644 21
3563.947718 4503 5.520575786 33
3652.605233 4387 5.913662684 36
3619.505119 4265 6.025005824 37
3620.284945 4134 6.003587644 37
3261.110328 5219 3.994544634 21
3571.178144 4461 4.438086828 25
3737.573656 4459 4.991875404 29
3737.611463 4434 5.122313816 30
3720.47653 4241 5.358076911 32
3677.959139 4355 5.910845955 36
3289.21379 4859 3.669104195 19
3282.598668 4872 3.805138674 20
3529.778228 4604 4.726648115 27
3350.249478 4642 4.446578498 25
3542.884285 4587 4.590580362 26
3546.158026 4576 4.723626324 27
3658.933378 4425 5.247822154 31
3523.249105 4532 5.117818003 30
3900.776876 4100 6.832150037 43
3221.849873 5971 3.979619717 20
3168.997529 6671 4.089395169 20
3190.190408 6587 4.07764748 20
3158.603126 6291 4.295124336 22
3269.164524 6571 3.948065832 19
