3616.340002 11420 6.1928972 35
4349.230656 5833 5.556788847 36
4198.395619 6016 5.570683495 36
4255.164567 6041 4.136403412 24
4300.643266 5972 4.250421746 25
4761.086465 5184 6.939770613 48
4013.042614 6473 3.457570371 18
3973.554661 6644 3.71972573 20
4616.254722 5287 6.942450002 48
4715.641943 5184 7.416810929 52
4718.200199 5177 7.295769372 51
3934.866669 6655 3.597785484 19
4022.312289 6069 3.639597168 20
4094.153479 6066 3.645319617 20
4263.338956 6011 4.373174969 26
4787.162006 5155 8.14010114 58
4597.817639 5305 7.063742422 49
4287.212365 5514 6.105867923 41
4403.024385 5534 5.998499892 40
4229.135766 5652 6.000886279 40
4342.857031 5911 4.966506065 31
4305.887581 5933 4.966560738 31
4559.088848 5307 6.459540612 44
4635.562148 5215 6.57284514 45
4620.967658 5231 6.573939308 45
4419.542648 5427 6.465166048 44
4456.408895 5452 6.111290206 41
4353.541542 5906 5.44762783 35
4602.595215 5289 6.701102375 46
4274.052331 5938 5.685970764 37
4319.498845 5875 5.680631499 37
4551.877187 5315 7.061268058 49
4493.370951 5325 7.057715837 49
4215.308278 5946 4.720228056 29
4201.893111 6029 4.73124743 29
4363.874837 5747 5.064496595 32
4413.280427 5599 5.407737397 35
4376.806483 5641 5.531001729 36
4460.756902 5547 5.764888972 38
4444.703061 5508 5.878028048 39
4477.500694 5280 7.169990895 50
4163.011627 5814 6.379671818 43
4266.300941 5635 6.602754553 45
3767.01944 7264 5.235734072 32
4213.007639 5807 6.38293394 43
3822.329799 7040 4.726695445 28
3948.329957 6261 5.585157335 36
3855.852451 7106 4.619013737 27
3689.661263 7414 4.890388833 29
3858.694816 6538 5.618084526 36
4453.108927 5272 7.407194827 52
3866.603277 6839 5.061724768 31
4376.189932 5381 7.296344738 51
4230.467964 5418 6.688097325 46
4518.665286 5221 7.285105453 51
3922.293273 6784 4.697733367 28
3814.940581 7257 4.637645196 27
3854.20215 6996 4.843212355 29
3785.515967 7232 4.871924757 29
3775.014844 7224 4.990085584 30
3881.374382 6796 4.816217597 29
4390.53041 5345 7.051827022 49
3860.513668 6847 4.821906231 29
3917.757954 6754 4.933414722 30
3789.20327 7152 4.860510838 29
3953.454773 5983 5.665069068 37
3985.21913 6316 5.476151494 35
4026.48471 5847 5.891861225 39
3913.265743 7637 4.341093909 24
3793.466313 7362 4.410729882 25
3618.378467 7459 4.530168827 26
3720.134123 7409 4.411331153 25
4336.073151 5778 5.90829953 39
4305.448481 5833 5.793502546 38
3907.292156 6869 4.468440749 26
4360.262007 5410 6.818292269 47
4396.534719 5479 6.591051732 45
4482.116143 5349 6.338861869 43
4419.671152 5378 6.337757716 43
3890.54875 7005 4.607180501 27
3889.350927 7008 4.727752242 28
4337.957849 5813 5.67312395 37
